0 0.919231 0.096429 0.124615 0.101429
0 0.993846 0.093571 0.012308 0.107143
0 0.784615 0.095714 0.123077 0.114286
0 0.646923 0.097143 0.130769 0.111429
0 0.515385 0.082143 0.129231 0.132857
0 0.373846 0.100714 0.129231 0.107143
0 0.232308 0.091429 0.129231 0.128571
0 0.070000 0.109286 0.130769 0.170000
0 0.916923 0.354286 0.129231 0.117143
0 0.781538 0.350714 0.129231 0.110000
0 0.645385 0.360714 0.127692 0.115714
0 0.496154 0.377143 0.140000 0.162857
0 0.361538 0.358571 0.126154 0.125714
0 0.213846 0.370714 0.129231 0.101429
0 0.080000 0.359286 0.129231 0.115714
0 0.917692 0.611429 0.124615 0.102857
0 0.783077 0.614286 0.126154 0.108571
0 0.512308 0.610714 0.132308 0.138571
0 0.373846 0.621429 0.129231 0.105714
0 0.219231 0.628571 0.130769 0.117143
0 0.083077 0.630000 0.126154 0.111429
0 0.919231 0.886429 0.127692 0.118571
0 0.783846 0.885714 0.118462 0.120000
0 0.644615 0.892143 0.120000 0.112857
0 0.503077 0.897143 0.126154 0.102857
0 0.237692 0.894286 0.121538 0.102857
