0 0.080769 0.102143 0.096923 0.121429
0 0.168462 0.094286 0.072308 0.088571
0 0.254615 0.095714 0.069231 0.085714
0 0.330000 0.087857 0.072308 0.098571
0 0.409231 0.090000 0.070769 0.100000
0 0.484615 0.098571 0.070769 0.091429
0 0.562308 0.089286 0.069231 0.098571
0 0.635385 0.087857 0.073846 0.101429
0 0.715385 0.092857 0.070769 0.088571
0 0.796154 0.097143 0.072308 0.088571
0 0.869231 0.086429 0.073846 0.104286
0 0.944615 0.086429 0.067692 0.095714
0 0.993077 0.096429 0.013846 0.075714
0 0.982308 0.284286 0.035385 0.097143
0 0.921538 0.287143 0.064615 0.091429
0 0.770000 0.285000 0.069231 0.104286
0 0.690769 0.298571 0.080000 0.091429
0 0.615385 0.287857 0.070769 0.112857
0 0.539231 0.291429 0.069231 0.094286
0 0.463846 0.295000 0.066154 0.098571
0 0.385385 0.292143 0.069231 0.095714
0 0.311538 0.290000 0.072308 0.102857
0 0.232308 0.290000 0.067692 0.108571
0 0.159231 0.290000 0.069231 0.102857
0 0.082308 0.292143 0.072308 0.107143
0 0.097692 0.504286 0.075385 0.097143
0 0.179231 0.515714 0.072308 0.091429
0 0.260000 0.511429 0.070769 0.102857
0 0.332308 0.510714 0.070769 0.104286
0 0.408462 0.511429 0.069231 0.100000
0 0.486154 0.512143 0.067692 0.098571
0 0.560000 0.512857 0.073846 0.105714
0 0.636923 0.511429 0.073846 0.100000
0 0.715385 0.507857 0.080000 0.101429
0 0.793077 0.508571 0.072308 0.100000
0 0.867692 0.505714 0.073846 0.111429
0 0.945385 0.514286 0.072308 0.088571
0 0.990000 0.510000 0.020000 0.085714
0 0.112308 0.715714 0.067692 0.080000
0 0.186154 0.706429 0.064615 0.121429
0 0.268462 0.719286 0.072308 0.101429
0 0.344615 0.707857 0.067692 0.104286
0 0.417692 0.710000 0.072308 0.100000
0 0.573077 0.715000 0.063077 0.081429
0 0.647692 0.715000 0.067692 0.081429
0 0.725385 0.712143 0.066154 0.075714
0 0.800000 0.710714 0.070769 0.078571
0 0.870000 0.709286 0.069231 0.078571
0 0.950769 0.705000 0.064615 0.072857
0 0.995385 0.709286 0.009231 0.078571
0 0.108462 0.930714 0.066154 0.058571
0 0.187692 0.920000 0.070769 0.077143
0 0.263846 0.922143 0.072308 0.075714
0 0.340000 0.925714 0.070769 0.082857
0 0.417692 0.922143 0.066154 0.081429
0 0.490000 0.925000 0.072308 0.084286
0 0.569231 0.924286 0.070769 0.080000
0 0.645385 0.922857 0.072308 0.082857
0 0.720769 0.924286 0.069231 0.085714
0 0.797692 0.920714 0.075385 0.084286
0 0.875385 0.918571 0.067692 0.085714
0 0.950000 0.914286 0.072308 0.080000
0 0.993846 0.920000 0.012308 0.077143
