0 0.082308 0.152143 0.121538 0.101429
0 0.220000 0.155714 0.120000 0.111429
0 0.363846 0.148571 0.109231 0.105714
0 0.499231 0.115714 0.124615 0.202857
0 0.643846 0.143571 0.121538 0.118571
0 0.799231 0.152143 0.118462 0.127143
0 0.924615 0.170000 0.120000 0.151429
0 0.084615 0.420714 0.120000 0.155714
0 0.240769 0.400000 0.115385 0.120000
0 0.365385 0.416429 0.118462 0.104286
0 0.503846 0.422143 0.112308 0.158571
0 0.646923 0.401429 0.109231 0.120000
0 0.797692 0.422857 0.112308 0.154286
0 0.934615 0.405000 0.124615 0.110000
0 0.930000 0.644286 0.127692 0.162857
0 0.771538 0.648571 0.112308 0.134286
0 0.503077 0.650000 0.113846 0.122857
0 0.370769 0.657857 0.116923 0.104286
0 0.229231 0.648571 0.120000 0.114286
0 0.083846 0.654286 0.127692 0.134286
0 0.922308 0.867857 0.093846 0.112857
0 0.791538 0.866429 0.112308 0.118571
0 0.660769 0.875714 0.109231 0.122857
0 0.397692 0.888571 0.115385 0.131429
0 0.262308 0.888571 0.130769 0.128571
0 0.097692 0.883571 0.115385 0.138571
