0 0.073846 0.097857 0.123077 0.118571
0 0.205385 0.088571 0.124615 0.108571
0 0.344615 0.097857 0.126154 0.098571
0 0.477692 0.109286 0.130769 0.155714
0 0.616154 0.091429 0.133846 0.114286
0 0.875385 0.097143 0.156923 0.168571
0 0.070000 0.367143 0.127692 0.108571
0 0.203846 0.369286 0.121538 0.112857
0 0.338462 0.366429 0.116923 0.101429
0 0.469231 0.364286 0.126154 0.102857
0 0.604615 0.353571 0.123077 0.130000
0 0.740000 0.352857 0.129231 0.134286
0 0.907692 0.383571 0.150769 0.152857
0 0.063846 0.633571 0.118462 0.115714
0 0.198462 0.628571 0.126154 0.108571
0 0.333077 0.630000 0.127692 0.105714
0 0.474615 0.626429 0.124615 0.112857
0 0.605385 0.625714 0.121538 0.111429
0 0.737692 0.646429 0.115385 0.144286
0 0.203846 0.902857 0.124615 0.114286
0 0.338462 0.897857 0.123077 0.110000
0 0.606154 0.895000 0.126154 0.115714
0 0.740769 0.884286 0.130769 0.122857
0 0.873846 0.891429 0.126154 0.108571
