0 0.043077 0.075714 0.080000 0.111429
0 0.119231 0.070714 0.072308 0.078571
0 0.194615 0.070000 0.072308 0.077143
0 0.273077 0.075000 0.075385 0.072857
0 0.352308 0.070000 0.073846 0.094286
0 0.430000 0.068571 0.072308 0.097143
0 0.506923 0.070714 0.075385 0.095714
0 0.583846 0.077857 0.069231 0.078571
0 0.659231 0.077857 0.072308 0.078571
0 0.737692 0.077857 0.069231 0.078571
0 0.814615 0.079286 0.069231 0.078571
0 0.890000 0.077857 0.069231 0.078571
0 0.965385 0.075714 0.069231 0.082857
0 0.040000 0.242857 0.073846 0.111429
0 0.125385 0.241429 0.066154 0.074286
0 0.200769 0.245714 0.069231 0.074286
0 0.276923 0.244286 0.067692 0.074286
0 0.351538 0.248571 0.075385 0.074286
0 0.431538 0.246429 0.069231 0.081429
0 0.506923 0.240714 0.072308 0.092857
0 0.578462 0.240714 0.070769 0.090000
0 0.657692 0.242143 0.075385 0.090000
0 0.735385 0.250000 0.073846 0.074286
0 0.891538 0.240714 0.075385 0.087143
0 0.967692 0.241429 0.064615 0.094286
0 0.053846 0.404286 0.076923 0.085714
0 0.130769 0.408571 0.064615 0.074286
0 0.209231 0.409286 0.070769 0.081429
0 0.283077 0.414286 0.070769 0.077143
0 0.356923 0.415000 0.064615 0.072857
0 0.429231 0.410714 0.070769 0.084286
0 0.503077 0.410000 0.070769 0.088571
0 0.577692 0.409286 0.066154 0.084286
0 0.650769 0.410714 0.067692 0.084286
0 0.726154 0.409286 0.070769 0.090000
0 0.800769 0.410000 0.069231 0.088571
0 0.879231 0.407857 0.075385 0.090000
0 0.952308 0.409286 0.070769 0.087143
0 0.056154 0.562857 0.069231 0.077143
0 0.133846 0.562857 0.070769 0.074286
0 0.208462 0.567857 0.072308 0.072857
0 0.283846 0.566429 0.066154 0.072857
0 0.355385 0.565714 0.067692 0.074286
0 0.429231 0.568571 0.067692 0.074286
0 0.500000 0.568571 0.064615 0.068571
0 0.576923 0.567143 0.064615 0.071429
0 0.651538 0.569286 0.066154 0.075714
0 0.725385 0.562143 0.069231 0.087143
0 0.795385 0.566429 0.070769 0.084286
0 0.871538 0.564286 0.066154 0.082857
0 0.939231 0.565714 0.069231 0.085714
0 0.069231 0.712143 0.064615 0.067143
0 0.137692 0.717143 0.066154 0.071429
0 0.212308 0.716429 0.067692 0.070000
0 0.290769 0.715000 0.070769 0.084286
0 0.365385 0.722143 0.069231 0.081429
0 0.435385 0.716429 0.058462 0.081429
0 0.645385 0.725714 0.066154 0.068571
0 0.718462 0.722857 0.070769 0.068571
0 0.789231 0.725000 0.070769 0.072857
0 0.866154 0.725000 0.067692 0.072857
0 0.063846 0.866429 0.066154 0.070000
0 0.143846 0.870714 0.060000 0.072857
0 0.213846 0.870000 0.067692 0.071429
0 0.286154 0.872143 0.067692 0.070000
0 0.353846 0.877143 0.070769 0.071429
0 0.426154 0.874286 0.064615 0.065714
0 0.503846 0.873571 0.063077 0.070000
0 0.574615 0.871429 0.060000 0.082857
0 0.650000 0.875714 0.075385 0.074286
0 0.794615 0.882143 0.072308 0.075714
0 0.723846 0.882857 0.060000 0.074286
0 0.871538 0.882143 0.066154 0.067143
0 0.944615 0.880714 0.070769 0.072857
