0 0.060000 0.146429 0.073846 0.104286
0 0.142308 0.146429 0.087692 0.104286
0 0.238462 0.150714 0.076923 0.098571
0 0.319231 0.157143 0.078462 0.100000
0 0.412308 0.157857 0.076923 0.092857
0 0.493077 0.163571 0.069231 0.092857
0 0.581538 0.163571 0.076923 0.092857
0 0.662308 0.164286 0.069231 0.091429
0 0.918462 0.163571 0.073846 0.115714
0 0.953846 0.404286 0.073846 0.102857
0 0.847692 0.407143 0.070769 0.094286
0 0.773846 0.405714 0.067692 0.091429
0 0.689231 0.400714 0.076923 0.092857
0 0.604615 0.397857 0.073846 0.090000
0 0.524615 0.399286 0.073846 0.092857
0 0.446923 0.399286 0.069231 0.095714
0 0.327692 0.396429 0.076923 0.095714
0 0.249231 0.391429 0.076923 0.094286
0 0.168462 0.392143 0.072308 0.095714
0 0.084615 0.382143 0.083077 0.101429
0 0.069231 0.627143 0.076923 0.097143
0 0.148462 0.632143 0.072308 0.098571
0 0.234615 0.632857 0.075385 0.097143
0 0.306923 0.634286 0.075385 0.094286
0 0.391538 0.633571 0.078462 0.090000
0 0.546923 0.636429 0.069231 0.095714
0 0.626154 0.639286 0.067692 0.092857
0 0.703077 0.635714 0.073846 0.088571
0 0.781538 0.637143 0.070769 0.094286
0 0.857692 0.638571 0.069231 0.091429
0 0.936923 0.641429 0.067692 0.085714
0 0.989231 0.646429 0.021538 0.087143
0 0.083846 0.845714 0.075385 0.097143
0 0.160000 0.847143 0.073846 0.088571
0 0.233077 0.852857 0.072308 0.091429
0 0.313846 0.856429 0.067692 0.092857
0 0.389231 0.859286 0.070769 0.084286
0 0.471538 0.855714 0.072308 0.091429
0 0.548462 0.862143 0.078462 0.092857
0 0.622308 0.865714 0.066154 0.085714
0 0.702308 0.860000 0.072308 0.100000
0 0.776154 0.864286 0.072308 0.091429
0 0.858462 0.867857 0.064615 0.092857
0 0.929231 0.869286 0.070769 0.090000
0 0.985385 0.872857 0.029231 0.094286
