0 0.064615 0.081429 0.116923 0.114286
0 0.172308 0.083571 0.089231 0.095714
0 0.265385 0.085000 0.093846 0.104286
0 0.360769 0.072143 0.090769 0.118571
0 0.452308 0.079286 0.092308 0.101429
0 0.546923 0.080714 0.096923 0.101429
0 0.643077 0.072857 0.098462 0.105714
0 0.744615 0.079286 0.095385 0.107143
0 0.833077 0.075714 0.087692 0.102857
0 0.929231 0.075000 0.083077 0.098571
0 0.916154 0.280000 0.084615 0.122857
0 0.819231 0.280000 0.087692 0.111429
0 0.733846 0.279286 0.092308 0.112857
0 0.640769 0.282143 0.087692 0.112857
0 0.546923 0.284286 0.087692 0.117143
0 0.456923 0.283571 0.089231 0.118571
0 0.359231 0.287143 0.090769 0.117143
0 0.267692 0.290000 0.095385 0.125714
0 0.173846 0.285714 0.092308 0.117143
0 0.075385 0.292143 0.095385 0.121429
0 0.933846 0.480714 0.092308 0.115714
0 0.840769 0.483571 0.087692 0.112857
0 0.748462 0.483571 0.090769 0.115714
0 0.655385 0.487857 0.092308 0.118571
0 0.565385 0.491429 0.090769 0.114286
0 0.470000 0.491429 0.090769 0.120000
0 0.376154 0.490000 0.090769 0.114286
0 0.283077 0.497143 0.098462 0.111429
0 0.189231 0.498571 0.092308 0.114286
0 0.093077 0.500714 0.087692 0.121429
0 0.937692 0.685000 0.081538 0.104286
0 0.845385 0.685714 0.093846 0.097143
0 0.758462 0.694286 0.083077 0.097143
0 0.572308 0.697857 0.089231 0.095714
0 0.478462 0.700000 0.083077 0.097143
0 0.385385 0.698571 0.084615 0.105714
0 0.290769 0.698571 0.092308 0.114286
0 0.195385 0.707857 0.092308 0.098571
0 0.101538 0.701429 0.089231 0.114286
0 0.932308 0.888571 0.092308 0.100000
0 0.842308 0.891429 0.087692 0.102857
0 0.653077 0.897143 0.087692 0.105714
0 0.562308 0.901429 0.090769 0.102857
0 0.469231 0.905000 0.089231 0.104286
0 0.380000 0.908571 0.089231 0.102857
0 0.288462 0.912143 0.084615 0.104286
0 0.190000 0.910714 0.093846 0.098571
0 0.091538 0.914286 0.087692 0.100000
