0 0.063077 0.069286 0.101538 0.115714
0 0.169231 0.056429 0.098462 0.090000
0 0.271538 0.067143 0.100000 0.114286
0 0.377692 0.056429 0.100000 0.092857
0 0.485385 0.070000 0.100000 0.120000
0 0.587692 0.048571 0.098462 0.085714
0 0.700769 0.067857 0.115385 0.124286
0 0.813077 0.052143 0.109231 0.090000
0 0.927692 0.052857 0.107692 0.088571
0 0.046154 0.259286 0.089231 0.098571
0 0.137692 0.255714 0.093846 0.105714
0 0.233846 0.270000 0.095385 0.082857
0 0.336154 0.260000 0.090769 0.085714
0 0.433077 0.256429 0.096923 0.107143
0 0.537692 0.255000 0.090769 0.101429
0 0.631538 0.265000 0.087692 0.084286
0 0.730769 0.255000 0.095385 0.095714
0 0.835385 0.256429 0.095385 0.104286
0 0.941538 0.255714 0.089231 0.094286
0 0.940000 0.479286 0.086154 0.087143
0 0.841538 0.483571 0.089231 0.070000
0 0.711538 0.484286 0.090769 0.077143
0 0.611538 0.477143 0.084615 0.082857
0 0.510000 0.475000 0.087692 0.087143
0 0.413846 0.474286 0.086154 0.080000
0 0.316154 0.474286 0.081538 0.080000
0 0.215385 0.470714 0.080000 0.092857
0 0.115385 0.479286 0.086154 0.084286
0 0.035385 0.480000 0.064615 0.082857
0 0.046154 0.690000 0.086154 0.080000
0 0.143846 0.702857 0.090769 0.114286
0 0.238462 0.690714 0.089231 0.084286
0 0.336923 0.689286 0.095385 0.084286
0 0.437692 0.687143 0.093846 0.088571
0 0.536154 0.705000 0.087692 0.107143
0 0.634615 0.693571 0.084615 0.090000
0 0.736154 0.688571 0.090769 0.085714
0 0.834615 0.692857 0.093846 0.082857
0 0.943077 0.693571 0.092308 0.084286
0 0.046923 0.915714 0.084615 0.120000
0 0.143077 0.907143 0.092308 0.085714
0 0.240000 0.905714 0.083077 0.091429
0 0.340000 0.903571 0.089231 0.081429
0 0.440769 0.905714 0.087692 0.085714
0 0.536154 0.902857 0.093846 0.085714
0 0.639231 0.907143 0.090769 0.082857
0 0.737692 0.906429 0.093846 0.087143
0 0.839231 0.910000 0.090769 0.088571
0 0.938462 0.907143 0.095385 0.091429
