0 0.073846 0.088571 0.116923 0.108571
0 0.183077 0.095714 0.092308 0.100000
0 0.276154 0.093571 0.090769 0.095714
0 0.369231 0.082857 0.086154 0.111429
0 0.458462 0.091429 0.092308 0.100000
0 0.552308 0.090714 0.092308 0.104286
0 0.647692 0.087143 0.098462 0.111429
0 0.745385 0.088571 0.087692 0.100000
0 0.834615 0.087143 0.084615 0.102857
0 0.928462 0.083571 0.078462 0.092857
0 0.088462 0.297857 0.093846 0.121429
0 0.181538 0.295000 0.089231 0.118571
0 0.278462 0.297857 0.089231 0.118571
0 0.369231 0.295714 0.095385 0.114286
0 0.463846 0.295000 0.084615 0.115714
0 0.550000 0.293571 0.084615 0.110000
0 0.645385 0.292143 0.087692 0.110000
0 0.733846 0.290714 0.092308 0.112857
0 0.824615 0.288571 0.092308 0.114286
0 0.918462 0.288571 0.086154 0.117143
0 0.934615 0.484286 0.087692 0.108571
0 0.840769 0.492857 0.087692 0.114286
0 0.750769 0.490000 0.092308 0.114286
0 0.658462 0.494286 0.092308 0.111429
0 0.570000 0.497857 0.087692 0.112857
0 0.476923 0.499286 0.083077 0.115714
0 0.385385 0.500000 0.090769 0.114286
0 0.291538 0.501429 0.087692 0.111429
0 0.197692 0.501429 0.090769 0.117143
0 0.108462 0.506429 0.084615 0.121429
0 0.939231 0.685714 0.084615 0.102857
0 0.845385 0.689286 0.081538 0.098571
0 0.666154 0.697857 0.092308 0.110000
0 0.576923 0.702857 0.083077 0.100000
0 0.486154 0.701429 0.086154 0.102857
0 0.393077 0.700714 0.084615 0.095714
0 0.301538 0.700000 0.083077 0.108571
0 0.204615 0.710714 0.092308 0.098571
0 0.110769 0.702857 0.089231 0.114286
0 0.930000 0.887143 0.081538 0.097143
0 0.840000 0.892857 0.086154 0.100000
0 0.658462 0.898571 0.086154 0.105714
0 0.570000 0.902143 0.084615 0.101429
0 0.475385 0.904286 0.092308 0.105714
0 0.385385 0.907143 0.084615 0.105714
0 0.294615 0.912143 0.078462 0.095714
0 0.200769 0.910000 0.090769 0.100000
0 0.106923 0.917143 0.087692 0.100000
