0 0.070000 0.062143 0.084615 0.090000
0 0.193846 0.056429 0.086154 0.098571
0 0.320000 0.057143 0.092308 0.100000
0 0.430769 0.057857 0.098462 0.090000
0 0.543846 0.051429 0.093846 0.094286
0 0.656154 0.052143 0.096923 0.095714
0 0.776923 0.048571 0.101538 0.094286
0 0.896923 0.048571 0.092308 0.094286
0 0.909231 0.225000 0.098462 0.081429
0 0.777692 0.221429 0.096923 0.091429
0 0.666923 0.225000 0.093846 0.087143
0 0.547692 0.225714 0.092308 0.094286
0 0.439231 0.231429 0.106154 0.088571
0 0.320769 0.224286 0.109231 0.094286
0 0.192308 0.229286 0.107692 0.095714
0 0.930000 0.384286 0.103077 0.108571
0 0.800769 0.384286 0.093846 0.094286
0 0.684615 0.381429 0.095385 0.100000
0 0.572308 0.385000 0.092308 0.107143
0 0.448462 0.381429 0.090769 0.102857
0 0.327692 0.384286 0.092308 0.094286
0 0.219231 0.385000 0.093846 0.107143
0 0.068462 0.390000 0.112308 0.097143
0 0.940769 0.551429 0.096923 0.102857
0 0.816154 0.547857 0.100000 0.101429
0 0.686154 0.552143 0.101538 0.101429
0 0.574615 0.562143 0.093846 0.092857
0 0.194615 0.555000 0.096923 0.104286
0 0.067692 0.560714 0.095385 0.104286
0 0.933846 0.735714 0.098462 0.091429
0 0.805385 0.732857 0.093846 0.091429
0 0.677692 0.732857 0.100000 0.094286
0 0.547692 0.737143 0.098462 0.094286
0 0.432308 0.736429 0.095385 0.092857
0 0.324615 0.740714 0.095385 0.090000
0 0.200000 0.739286 0.095385 0.092857
0 0.093846 0.744286 0.095385 0.088571
0 0.973077 0.905000 0.053846 0.098571
0 0.761538 0.910714 0.095385 0.087143
0 0.650769 0.911429 0.092308 0.094286
0 0.536154 0.910714 0.090769 0.087143
0 0.426923 0.911429 0.093846 0.085714
0 0.317692 0.920714 0.087692 0.078571
0 0.209231 0.920714 0.092308 0.078571
0 0.090769 0.915714 0.095385 0.088571
