0 0.028462 0.079286 0.053846 0.095714
0 0.113846 0.082143 0.110769 0.101429
0 0.245385 0.071429 0.106154 0.108571
0 0.370000 0.077143 0.103077 0.097143
0 0.495385 0.080714 0.107692 0.098571
0 0.615385 0.081429 0.101538 0.100000
0 0.737692 0.072857 0.103077 0.102857
0 0.860769 0.092143 0.109231 0.135714
0 0.039231 0.279286 0.072308 0.144286
0 0.135385 0.265714 0.120000 0.117143
0 0.260769 0.263571 0.103077 0.107143
0 0.390000 0.263571 0.084615 0.107143
0 0.504615 0.264286 0.092308 0.108571
0 0.613077 0.270000 0.103077 0.085714
0 0.733846 0.270714 0.104615 0.087143
0 0.853077 0.263571 0.100000 0.092857
0 0.847692 0.427857 0.098462 0.107143
0 0.728462 0.427143 0.093846 0.108571
0 0.614615 0.432857 0.106154 0.102857
0 0.500769 0.435714 0.096923 0.105714
0 0.379231 0.436429 0.106154 0.104286
0 0.266154 0.437143 0.101538 0.111429
0 0.147692 0.442143 0.110769 0.112857
0 0.042308 0.449286 0.075385 0.092857
0 0.835385 0.595000 0.095385 0.090000
0 0.720769 0.600714 0.090769 0.090000
0 0.617692 0.597143 0.093846 0.097143
0 0.504615 0.608571 0.095385 0.085714
0 0.393077 0.617143 0.087692 0.071429
0 0.284615 0.612143 0.098462 0.081429
0 0.171538 0.607143 0.096923 0.100000
0 0.056923 0.607143 0.104615 0.105714
0 0.728462 0.775000 0.093846 0.084286
0 0.620000 0.771429 0.092308 0.080000
0 0.510000 0.778571 0.087692 0.082857
0 0.401538 0.776429 0.092308 0.081429
0 0.290769 0.782143 0.089231 0.087143
0 0.181538 0.780714 0.092308 0.087143
0 0.073846 0.788571 0.101538 0.088571
